0 1147
1 1163
2 1191
3 1233
4 1208
5 1164
6 1218
7 1200
8 1228
9 1171
10 1171
11 1214
12 1229
13 1224
14 1215
15 1250
16 1173
17 1186
18 1127
19 1232
20 1146
21 1193
22 1221
23 1212
24 1203
25 1156
26 1156
27 1163
28 1183
29 1239
30 1217
31 1210
32 1224
33 1243
34 1157
35 1150
36 1216
37 1229
38 1119
39 1189
40 1198
41 1208
42 1247
43 1210
44 1263
45 1147
46 1177
47 1221
48 1190
49 1198
50 1181
51 1195
52 1182
53 1185
54 1180
55 1189
56 1196
57 1201
58 1146
59 1193
60 1263
61 1217
62 1171
63 1162
64 1201
65 1199
66 1196
67 1220
68 1201
69 1166
70 1260
71 1211
72 1176
73 1220
74 1224
75 1142
76 1191
77 1229
78 1229
79 1166
80 1211
81 1219
82 1194
83 1253
84 1179
85 1105
86 1135
87 1184
88 1204
89 1173
90 1199
91 1211
92 1204
93 1212
94 1133
95 1159
96 1190
97 1229
98 1263
99 1192
100 1202
101 1155
102 1237
103 1154
104 1236
105 1190
106 1198
107 1257
108 1200
109 1225
110 1216
111 1138
112 1187
113 1235
114 1221
115 1205
116 1194
117 1205
118 1200
119 1212
120 1186
121 1208
122 1243
123 1193
124 1207
125 1128
126 1239
127 1212
128 1191
129 1199
130 1245
131 1205
132 1208
133 1211
134 1252
135 1204
136 1203
137 1190
138 1229
139 1196
140 1182
141 1148
142 1133
143 1169
144 1204
145 1250
146 1195
147 1264
148 1259
149 1195
150 1211
151 1220
152 1165
153 1182
154 1222
155 1225
156 1201
157 1245
158 1200
159 1165
160 1210
161 1250
162 1266
163 1272
164 1232
165 1238
166 1192
167 1127
168 1206
169 1183
170 1255
171 1226
172 1195
173 1209
174 1234
175 1180
176 1167
177 1191
178 1164
179 1130
180 1203
181 1217
182 1199
183 1240
184 1205
185 1256
186 1223
187 1195
188 1185
189 1207
190 1219
191 1239
192 1215
193 1178
194 1249
195 1236
196 1144
197 1190
198 1174
199 1184
200 1176
201 1250
202 1228
203 1146
204 1164
205 1175
206 1217
207 1174
208 1217
209 1195
210 1132
211 1198
212 1222
213 1231
214 1193
215 1151
216 1150
217 1220
218 1223
219 1212
220 1152
221 1231
222 1219
223 1191
224 1185
225 1141
226 1189
227 1273
228 1191
229 1124
230 1181
231 1234
232 1250
233 1215
234 1235
235 1234
236 1198
237 1163
238 1190
239 1202
240 1203
241 1184
242 1227
243 1184
244 1163
245 1181
246 1188
247 1212
248 1214
249 1235
250 1237
251 1178
252 1205
253 1177
254 1263
255 1171
